Identifier,Tobs,PAObs,SepObs,PAErr,SepErr
STF1110AB,2008.137,57.94,4.740,2.31,0.193,
STF1110AB,2009.079,58.56,4.798,0.55,0.152,
STF1110AB,2009.197,58.15,4.493,0.12,0.025,
STF1110AB,2010.027,56.51,4.803,0.26,0.056,
STF1110AB,2010.082,57.71,4.619,1.00,0.100,
STF1110AB,2011.079,55.61,4.716,1.00,0.100,
STF1110AB,2012.189,56.07,4.622,1.00,0.100,
STF1110AB,2013.175,52.87,4.464,1.16,0.135,
STF1110AB,2013.178,56.09,5.047,1.00,0.100,
STF1110AB,2013.246,55.26,4.658,0.93,0.124,
STF1110AC,2013.175,162.54,70.984,1.16,0.135,
STF1110AC,2013.178,161.90,70.024,1.00,0.100,
STF1110AC,2013.246,162.54,70.444,0.93,0.124,
STF2272AB,2008.537,132.47,5.557,0.99,0.200,
STF2272AB,2008.709,132.23,5.549,0.40,0.020,
STF2272AB,2009.512,132.77,5.589,0.22,0.030,
STF2272AB,2010.564,130.41,5.866,0.22,0.030,
STF2272AB,2011.616,129.99,5.913,0.22,0.030,
STF2272AB,2013.816,127.87,6.260,0.22,0.030,
STF2272AB,2014.611,125.87,6.282,0.22,0.030,
STF2272AB,2017.775,123.76,6.598,0.22,0.030,
STF2055AB,2009.512, 36.82,1.242,0.10,0.020,
STF2055AB,2013.539, 37.83,1.443,0.10,0.020,
STF2055AB,2014.611, 42.91,1.414,0.10,0.020,
BU  648AB,2008.637,260.46,1.150,0.10,0.100,
BU  648AB,2008.706,258.65,1.140,0.09,0.090,
BU  648AB,2009.512,255.68,1.240,0.09,0.090,
BU  648AB,2009.671,263.46,1.050,0.20,0.200,
BU  648AB,2013.816,244.60,1.360,0.09,0.090,
BU  648AB,2014.611,243.91,1.360,0.09,0.090,
BU  648AB,2017.775,238.96,1.302,0.09,0.090,
STF2382AB,2007.501,347.29,2.531,0.99,0.200,
STF2382AB,2008.630,346.98,2.380,0.40,0.020,
STF2382AB,2008.706,347.48,2.417,0.22,0.030,
STF2382AB,2009.512,348.03,2.238,0.09,0.090,
STF2382AB,2009.671,347.97,2.286,0.07,0.070,
STF2382AB,2011.616,345.54,2.255,0.07,0.070,
STF2382AB,2013.808,344.31,2.348,0.07,0.070,
STF2382AB,2013.816,343.50,2.386,0.07,0.070,
STF2382AB,2014.611,346.60,2.298,0.07,0.070,
STF2382AB,2017.767,344.50,2.221,0.07,0.070,
STF2383Cc-D,2007.501, 76.50,2.253,0.99,0.200,
STF2383Cc-D,2008.630, 78.56,2.420,0.40,0.020,
STF2383Cc-D,2008.706, 79.26,2.402,0.22,0.030,
STF2383Cc-D,2009.512, 78.52,2.291,0.09,0.090,
STF2383Cc-D,2009.671, 77.86,2.210,0.07,0.070,
STF2383Cc-D,2011.616, 78.16,2.177,0.07,0.070,
STF2383Cc-D,2013.808, 78.70,2.321,0.07,0.070,
STF2383Cc-D,2013.816, 77.89,2.427,0.07,0.070,
STF2383Cc-D,2014.611, 76.92,2.394,0.07,0.070,
STF2383Cc-D,2017.767, 75.17,2.437,0.07,0.070,
STF2084,2008.537,173.53,1.050,0.99,0.200,
STF2084,2008.630,187.32,1.085,0.40,0.020,
STF2084,2008.709,186.51,0.890,0.22,0.030,
STF2084,2009.512,175.87,1.207,0.10,0.100,
STF2084,2010.564,167.54,1.248,0.10,0.100,
STF2084,2013.539,150.45,1.052,0.10,0.100,
STF2084,2014.611,139.39,1.181,0.10,0.100,
STF2084,2017.775,118.42,1.368,0.10,0.100,
STF  60AB,1994.961,311.33,11.907,0.99,0.200,
STF  60AB,2009.082,320.30,12.923,0.40,0.020,
STF  60AB,2010.082,322.30,12.950,0.22,0.030,
STF  60AB,2011.079,323.49,12.891,0.22,0.030,
STF  60AB,2013.816,323.11,13.423,0.22,0.030,
STF2130AB,2007.714,17.82,1.900,4.22,0.680,
STF2130AB,2008.537,10.70,2.299,0.32,0.140,
STF2130AB,2008.709,9.13,2.380,1.84,0.070,
STF2130AB,2009.512,8.67,2.344,1.84,0.070,
STF2130AB,2010.564,7.78,2.431,1.84,0.070,
STF2130AB,2011.616,7.31,2.220,1.84,0.070,
STF2130AB,2013.816,3.43,2.496,1.84,0.070,
STF 668A BC,2007.975,204.00,9.23,1.00,0.10,
STF 668A BC,2008.134,205.96,9.30,1.00,0.10,
STF 668A BC,2009.197,200.64,10.472,1.00,0.10,
STF 774Aa B,2008.137,153.930,2.243,1.00,0.10,
STF 774Aa B,2009.197,167.854,2.038,1.00,0.10,
DA    5AB,2008.137,85.190,1.340,1.00,0.10,
DA    5AB,2009.082,75.414,1.325,1.00,0.10,
DA    5AB,2009.197,74.984,1.684,1.00,0.10,
STF 728,2008.082,40.86,1.089,1.00,0.10,
STF 728,2009.197,48.85,1.196,1.00,0.10,
STF3062,2010.082,345.91,1.464,1.00,0.10
STF3062,2011.079,345.76,1.544,1.00,0.10
STF 262Aa-B,2009.082,230.72,2.477,1.00,0.10
STF 262Aa-B,2010.082,229.12,2.799,1.00,0.10
STF 262AC,2009.082,113.33,7.232,1.00,0.10
STF 262AC,2010.082,115.60,7.162,1.00,0.10
STF 982AB,2009.079,141.86,6.294,1.00,0.10
STF 982AB,2010.082,143.36,7.271,1.00,0.10
STF 982AB,2011.079,144.19,6.983,1.00,0.10
STF1523AB,2008.285,223.27,1.480,1.00,0.10
STF1523AB,2009.323,213.75,1.565,1.00,0.10
STF1523AB,2011.433,200.17,1.610,1.00,0.10
STF1523AB,2012.260,194.12,1.533,1.00,0.10
STF1744AB,2008.534,152.25,14.270,1.00,0.10
STF1670AB,2011.433,17.58,1.880,1.00,0.10
STF1670AB,2012.353,11.88,1.740,1.00,0.10
STF2140Aa-B,2008.537,103.49,4.724,1.00,0.10
STF2140Aa-B,2009.512,102.62,4.743,1.00,0.10
STF2140Aa-B,2011.616,104.17,4.638,1.00,0.10
AC   15AB,2008.709,297.94,1.366,1.00,0.10
STFA 39AB,2007.717,148.17,46.26,1.00,0.10
STFA 39AB,2011.616,148.81,45.917,1.00,0.10
BU  293AE,2007.717,317.20,67.990,1.00,0.10
BU  293AE,2011.616,317.71,67.450,1.00,0.10
BU  293AF,2007.717,17.92,87.31,1.00,0.10
BU  293AF,2011.616,18.65,86.321,1.00,0.10
STFA 35,2011.676,312.28,64.95,1.00,0.10
STF2420AB,2011.676,319.35,39.107,1.00,0.10
STF2078AB,2011.693,106.42,3.063,1.00,0.10
STF2078AB,2017.775,104.12,3.106,1.00,0.10
STFA 30AC,2011.693,193.49,91.345,1.00,0.10
STFA 30CD,2011.693,122.68,126.20,1.00,0.10
STF2220A-BC,2011.693,249.07,35.737,1.00,0.10